$ANSIBLE_VAULT;1.1;AES256
65353433356264353430366237306338613261343261653632366535363137356339393937626334
3865366565623831326238616633626537343933303762640a346666316539376435306364393636
33313637393131663361656234343933373362666162303737386335373565626437656165393461
6636616135373664350a643063343133356163633734306364616265366630626666663535616463
64306337393063373738373764383732386666346336313732383739306130393563396137393664
38663836616435353636346361316130303030616365396365656661393261336638323034366266
30323666373439346637383136643761363032363634623763646232336431366136633031663136
34343464656664333634663737626134623031626436366364336638336636646334616662393064
30356131623637333031383439383637336663653063616561323832633436306132333365396362
39633931633632336238386239343165333163636266306537323065326239633661316233363565
323061363162313763326131366238653139
